-2.396702000000000044e+04 0.000000000000000000e+00
-2.396927000000000044e+04 2.240000000000000213e+00
-2.397593000000000029e+04 8.859999999999999432e+00
-2.398672000000000116e+04 1.958999999999999986e+01
-2.400118999999999869e+04 3.397999999999999687e+01
-2.401874000000000160e+04 5.142999999999999972e+01
-2.403863000000000102e+04 7.120999999999999375e+01
-2.406002000000000044e+04 9.246999999999999886e+01
-2.408200999999999840e+04 1.143199999999999932e+02
-2.410365000000000146e+04 1.358100000000000023e+02
-2.412402999999999884e+04 1.560399999999999920e+02
-2.414229000000000087e+04 1.741500000000000057e+02
-2.415770999999999913e+04 1.894199999999999875e+02
-2.416972999999999956e+04 2.013000000000000114e+02
-2.417797999999999956e+04 2.094300000000000068e+02
-2.418238000000000102e+04 2.137299999999999898e+02
-2.418311999999999898e+04 2.143799999999999955e+02
-2.418066999999999825e+04 2.118600000000000136e+02
-2.417581000000000131e+04 2.069499999999999886e+02
-2.416959999999999854e+04 2.007100000000000080e+02
-2.416333000000000175e+04 1.944199999999999875e+02
-2.415833000000000175e+04 1.894000000000000057e+02
-2.415586000000000058e+04 1.869199999999999875e+02
-2.415711000000000058e+04 1.881999999999999886e+02
-2.416347000000000116e+04 1.946200000000000045e+02
-2.417634000000000015e+04 2.075200000000000102e+02
-2.419629000000000087e+04 2.273300000000000125e+02
-2.422161999999999898e+04 2.523700000000000045e+02
-2.424884999999999854e+04 2.794399999999999977e+02
-2.427527000000000044e+04 3.058299999999999841e+02
-2.429959999999999854e+04 3.301899999999999977e+02
-2.432124000000000160e+04 3.518799999999999955e+02
-2.433988000000000102e+04 3.705799999999999841e+02
-2.435536000000000058e+04 3.861499999999999773e+02
-2.436784999999999854e+04 3.987699999999999818e+02
-2.437809000000000015e+04 4.091800000000000068e+02
-2.438736000000000058e+04 4.186600000000000250e+02
-2.439725000000000000e+04 4.287099999999999795e+02
-2.440893000000000029e+04 4.405099999999999909e+02
-2.442268000000000029e+04 4.542799999999999727e+02
-2.443759999999999854e+04 4.691600000000000250e+02
-2.445209000000000015e+04 4.836100000000000136e+02
-2.446443999999999869e+04 4.959599999999999795e+02
-2.447327999999999884e+04 5.048000000000000114e+02
-2.447756999999999971e+04 5.091100000000000136e+02
-2.447656999999999971e+04 5.080899999999999750e+02
-2.446952000000000044e+04 5.010199999999999818e+02
-2.445581000000000131e+04 4.873000000000000114e+02
-2.443529000000000087e+04 4.668899999999999864e+02
-2.440918999999999869e+04 4.410500000000000114e+02
-2.438061999999999898e+04 4.127500000000000000e+02
-2.435300000000000000e+04 3.852400000000000091e+02
-2.432815000000000146e+04 3.603999999999999773e+02
-2.430677000000000044e+04 3.390299999999999727e+02
-2.428961999999999898e+04 3.219200000000000159e+02
-2.427779999999999927e+04 3.101499999999999773e+02
-2.427234000000000015e+04 3.046700000000000159e+02
-2.427359999999999854e+04 3.058799999999999955e+02
-2.428133000000000175e+04 3.135199999999999818e+02
-2.429481999999999971e+04 3.268799999999999955e+02
-2.431297999999999956e+04 3.448999999999999773e+02
-2.433450000000000000e+04 3.662699999999999818e+02
-2.435790999999999985e+04 3.895000000000000000e+02
-2.438166999999999825e+04 4.131000000000000227e+02
-2.440438000000000102e+04 4.356600000000000250e+02
-2.442479999999999927e+04 4.559599999999999795e+02
-2.444195000000000073e+04 4.729700000000000273e+02
-2.445511999999999898e+04 4.860500000000000114e+02
-2.446400000000000000e+04 4.948600000000000136e+02
-2.446854000000000087e+04 4.993500000000000227e+02
-2.446897000000000116e+04 4.997300000000000182e+02
-2.446570000000000073e+04 4.964300000000000068e+02
-2.445927999999999884e+04 4.899700000000000273e+02
-2.445034999999999854e+04 4.810400000000000205e+02
-2.443968999999999869e+04 4.703700000000000045e+02
-2.442811000000000058e+04 4.588000000000000114e+02
-2.441645999999999913e+04 4.471600000000000250e+02
-2.440552999999999884e+04 4.362599999999999909e+02
-2.439606000000000131e+04 4.267900000000000205e+02
-2.438854000000000087e+04 4.192900000000000205e+02
-2.438336000000000058e+04 4.141100000000000136e+02
-2.438063000000000102e+04 4.113799999999999955e+02
-2.438033000000000175e+04 4.111000000000000227e+02
-2.438241999999999825e+04 4.132099999999999795e+02
-2.438686000000000058e+04 4.176800000000000068e+02
-2.439361000000000058e+04 4.244800000000000182e+02
-2.440256000000000131e+04 4.334599999999999795e+02
-2.441329999999999927e+04 4.442099999999999795e+02
-2.442516999999999825e+04 4.560899999999999750e+02
-2.443736999999999898e+04 4.683000000000000114e+02
-2.444909000000000015e+04 4.800600000000000023e+02
-2.445965999999999985e+04 4.906600000000000250e+02
-2.446856000000000131e+04 4.996100000000000136e+02
-2.447549000000000160e+04 5.066000000000000227e+02
-2.448029000000000087e+04 5.114800000000000182e+02
-2.448304000000000087e+04 5.143099999999999454e+02
-2.448406999999999971e+04 5.154299999999999500e+02
-2.448388000000000102e+04 5.152999999999999545e+02
-2.448295999999999913e+04 5.144900000000000091e+02
-2.448190999999999985e+04 5.135000000000000000e+02
-2.448104999999999927e+04 5.126900000000000546e+02
-2.448049000000000160e+04 5.121699999999999591e+02
-2.448031000000000131e+04 5.120099999999999909e+02
-2.448050999999999840e+04 5.122300000000000182e+02
-2.448118999999999869e+04 5.129099999999999682e+02
-2.448245000000000073e+04 5.141699999999999591e+02
-2.448433000000000175e+04 5.160299999999999727e+02
-2.448665000000000146e+04 5.183200000000000500e+02
-2.448906000000000131e+04 5.206900000000000546e+02
-2.449115999999999985e+04 5.227500000000000000e+02
-2.449266999999999825e+04 5.242200000000000273e+02
-2.449341999999999825e+04 5.249299999999999500e+02
-2.449343000000000029e+04 5.248899999999999864e+02
-2.449288000000000102e+04 5.243099999999999454e+02
-2.449206000000000131e+04 5.234500000000000455e+02
-2.449129999999999927e+04 5.226499999999999773e+02
-2.449102999999999884e+04 5.223400000000000318e+02
-2.449161000000000058e+04 5.228700000000000045e+02
-2.449320999999999913e+04 5.243999999999999773e+02
-2.449570999999999913e+04 5.267999999999999545e+02
-2.449865000000000146e+04 5.296499999999999773e+02
-2.450140000000000146e+04 5.322999999999999545e+02
-2.450331000000000131e+04 5.341200000000000045e+02
-2.450399000000000160e+04 5.347599999999999909e+02
-2.450356000000000131e+04 5.343200000000000500e+02
-2.450263999999999942e+04 5.334400000000000546e+02
-2.450200000000000000e+04 5.328099999999999454e+02
-2.450204999999999927e+04 5.328400000000000318e+02
-2.450279999999999927e+04 5.336000000000000227e+02
-2.450431000000000131e+04 5.351100000000000136e+02
-2.450683000000000175e+04 5.376799999999999500e+02
-2.451079000000000087e+04 5.416799999999999500e+02
-2.451647999999999956e+04 5.473899999999999864e+02
-2.452402999999999884e+04 5.549500000000000455e+02
-2.453325000000000000e+04 5.641599999999999682e+02
-2.454370000000000073e+04 5.746100000000000136e+02
-2.455475000000000000e+04 5.856299999999999955e+02
-2.456565000000000146e+04 5.965199999999999818e+02
-2.457565999999999985e+04 6.065199999999999818e+02
-2.458400000000000000e+04 6.148300000000000409e+02
-2.458990000000000146e+04 6.207100000000000364e+02
-2.459279000000000087e+04 6.236000000000000227e+02
-2.459218999999999869e+04 6.230000000000000000e+02
-2.458772000000000116e+04 6.185399999999999636e+02
-2.457913000000000102e+04 6.099700000000000273e+02
-2.456638000000000102e+04 5.972400000000000091e+02
-2.454968999999999869e+04 5.805900000000000318e+02
-2.452947000000000116e+04 5.604199999999999591e+02
-2.450638000000000102e+04 5.374099999999999682e+02
-2.448145999999999913e+04 5.126000000000000227e+02
-2.445609000000000015e+04 4.873399999999999750e+02
-2.443190000000000146e+04 4.632699999999999818e+02
-2.441063999999999942e+04 4.421399999999999864e+02
-2.439409999999999854e+04 4.257099999999999795e+02
-2.438393000000000029e+04 4.156499999999999773e+02
-2.438147000000000116e+04 4.132400000000000091e+02
-2.438733000000000175e+04 4.191200000000000045e+02
-2.440127999999999884e+04 4.330099999999999909e+02
-2.442218000000000029e+04 4.538199999999999932e+02
-2.444836000000000058e+04 4.798600000000000136e+02
-2.447781999999999971e+04 5.092099999999999795e+02
-2.450861000000000058e+04 5.398899999999999864e+02
-2.453881999999999971e+04 5.699700000000000273e+02
-2.456661999999999898e+04 5.976599999999999682e+02
-2.459047000000000116e+04 6.214199999999999591e+02
-2.460920000000000073e+04 6.400599999999999454e+02
-2.462193000000000029e+04 6.527000000000000455e+02
-2.462783000000000175e+04 6.584600000000000364e+02
-2.462604999999999927e+04 6.566299999999999955e+02
-2.461734000000000015e+04 6.481499999999999773e+02
-2.460547999999999956e+04 6.365000000000000000e+02
-2.459411000000000058e+04 6.251499999999999773e+02
-2.458470000000000073e+04 6.156699999999999591e+02
-2.457691999999999825e+04 6.076799999999999500e+02
-2.456825999999999840e+04 5.987799999999999727e+02
-2.455588999999999942e+04 5.864800000000000182e+02
-2.454036999999999898e+04 5.711000000000000227e+02
-2.452383000000000175e+04 5.546699999999999591e+02
-2.450802000000000044e+04 5.388999999999999773e+02
-2.449399000000000160e+04 5.248799999999999955e+02
-2.448225999999999840e+04 5.131399999999999864e+02
-2.447297000000000116e+04 5.038700000000000045e+02
-2.446613000000000102e+04 4.970099999999999909e+02
-2.446145000000000073e+04 4.923000000000000114e+02
-2.445852999999999884e+04 4.893500000000000227e+02
-2.445688999999999942e+04 4.876999999999999886e+02
-2.445606000000000131e+04 4.868799999999999955e+02
-2.445565999999999985e+04 4.864800000000000182e+02
-2.445540999999999985e+04 4.862599999999999909e+02
-2.445516999999999825e+04 4.860600000000000023e+02
-2.445486999999999898e+04 4.858100000000000023e+02
-2.445456999999999971e+04 4.855500000000000114e+02
-2.445434999999999854e+04 4.853600000000000136e+02
-2.445411000000000058e+04 4.851299999999999955e+02
-2.445366999999999825e+04 4.847300000000000182e+02
-2.445327999999999884e+04 4.844499999999999886e+02
-2.445395000000000073e+04 4.852300000000000182e+02
-2.445650000000000000e+04 4.878000000000000114e+02
-2.446056999999999971e+04 4.918299999999999841e+02
-2.446508000000000175e+04 4.963399999999999750e+02
-2.446925999999999840e+04 5.005799999999999841e+02
-2.447284999999999854e+04 5.041899999999999977e+02
-2.447540000000000146e+04 5.067400000000000091e+02
-2.447640999999999985e+04 5.077699999999999818e+02
-2.447561999999999898e+04 5.070000000000000000e+02
-2.447302000000000044e+04 5.044399999999999977e+02
-2.446888999999999942e+04 5.003500000000000227e+02
-2.446365000000000146e+04 4.951399999999999864e+02
-2.445784999999999854e+04 4.893899999999999864e+02
-2.445222999999999956e+04 4.838000000000000114e+02
-2.444750999999999840e+04 4.791200000000000045e+02
-2.444434999999999854e+04 4.759200000000000159e+02
-2.444265000000000146e+04 4.740600000000000023e+02
-2.444134999999999854e+04 4.727599999999999909e+02
-2.444200999999999840e+04 4.737900000000000205e+02
-2.444938000000000102e+04 4.812400000000000091e+02
-2.446534999999999854e+04 4.971600000000000250e+02
-2.448931000000000131e+04 5.209700000000000273e+02
-2.451897000000000116e+04 5.502699999999999818e+02
-2.454940000000000146e+04 5.802899999999999636e+02
-2.457527000000000044e+04 6.061599999999999682e+02
-2.459547000000000116e+04 6.264099999999999682e+02
-2.461052999999999884e+04 6.414600000000000364e+02
-2.462061000000000058e+04 6.515199999999999818e+02
-2.462588000000000102e+04 6.567999999999999545e+02
-2.462681000000000131e+04 6.577300000000000182e+02
-2.462397000000000116e+04 6.548899999999999864e+02
-2.461795000000000073e+04 6.488600000000000136e+02
-2.460931999999999971e+04 6.402200000000000273e+02
-2.459870999999999913e+04 6.295800000000000409e+02
-2.458679999999999927e+04 6.176599999999999682e+02
-2.457420999999999913e+04 6.050599999999999454e+02
-2.456150000000000000e+04 5.922999999999999545e+02
-2.454911000000000058e+04 5.798999999999999773e+02
-2.453759000000000015e+04 5.683300000000000409e+02
-2.452727000000000044e+04 5.579800000000000182e+02
-2.451852000000000044e+04 5.492000000000000455e+02
-2.451159999999999854e+04 5.422500000000000000e+02
-2.450659000000000015e+04 5.372000000000000455e+02
-2.450334999999999854e+04 5.339099999999999682e+02
-2.450154999999999927e+04 5.320499999999999545e+02
-2.450072000000000116e+04 5.311699999999999591e+02
-2.450040000000000146e+04 5.308099999999999454e+02
-2.450025000000000000e+04 5.306399999999999864e+02
-2.450011999999999898e+04 5.305199999999999818e+02
-2.450011999999999898e+04 5.305399999999999636e+02
-2.450061000000000058e+04 5.310700000000000500e+02
-2.450209999999999854e+04 5.326000000000000227e+02
-2.450508000000000175e+04 5.356200000000000045e+02
-2.451002999999999884e+04 5.406499999999999773e+02
-2.451793000000000029e+04 5.486599999999999682e+02
-2.453000999999999840e+04 5.607799999999999727e+02
-2.454645000000000073e+04 5.771599999999999682e+02
-2.456577999999999884e+04 5.963600000000000136e+02
-2.458545000000000073e+04 6.159099999999999682e+02
-2.460304999999999927e+04 6.335000000000000000e+02
-2.461731999999999971e+04 6.477799999999999727e+02
-2.462761999999999898e+04 6.580700000000000500e+02
-2.463343000000000029e+04 6.638899999999999864e+02
-2.463450999999999840e+04 6.649800000000000182e+02
-2.463075000000000000e+04 6.612599999999999909e+02
-2.462238999999999942e+04 6.529400000000000546e+02
-2.460988000000000102e+04 6.404900000000000091e+02
-2.459402000000000044e+04 6.247000000000000455e+02
-2.457583000000000175e+04 6.066100000000000136e+02
-2.455663999999999942e+04 5.875099999999999909e+02
-2.453786999999999898e+04 5.688200000000000500e+02
-2.452095000000000073e+04 5.520099999999999909e+02
-2.450729000000000087e+04 5.384099999999999682e+02
-2.449795000000000073e+04 5.291299999999999955e+02
-2.449361000000000058e+04 5.247799999999999727e+02
-2.449420000000000073e+04 5.253500000000000227e+02
-2.449920000000000073e+04 5.302799999999999727e+02
-2.450756000000000131e+04 5.385599999999999454e+02
-2.451788999999999942e+04 5.487999999999999545e+02
-2.452879999999999927e+04 5.596100000000000136e+02
-2.453904999999999927e+04 5.697999999999999545e+02
-2.454766999999999825e+04 5.783799999999999955e+02
-2.455404000000000087e+04 5.847400000000000091e+02
-2.455802999999999884e+04 5.887500000000000000e+02
-2.455986999999999898e+04 5.906200000000000045e+02
-2.456000999999999840e+04 5.907999999999999545e+02
-2.455895999999999913e+04 5.897500000000000000e+02
-2.455697999999999956e+04 5.877300000000000182e+02
-2.455363999999999942e+04 5.842699999999999818e+02
-2.454777999999999884e+04 5.783500000000000227e+02
-2.453986999999999898e+04 5.707200000000000273e+02
-2.453349000000000160e+04 5.644299999999999500e+02
-2.453061999999999898e+04 5.615599999999999454e+02
-2.453125000000000000e+04 5.620700000000000500e+02
-2.453347999999999956e+04 5.640399999999999636e+02
-2.453368000000000029e+04 5.641399999999999864e+02
-2.452997999999999956e+04 5.605800000000000409e+02
-2.452341999999999825e+04 5.541200000000000045e+02
-2.451511000000000058e+04 5.458600000000000136e+02
-2.450561999999999898e+04 5.363999999999999773e+02
-2.449538000000000102e+04 5.262100000000000364e+02
-2.448490999999999985e+04 5.157899999999999636e+02
-2.447483000000000175e+04 5.057699999999999818e+02
-2.446586000000000058e+04 4.968700000000000045e+02
-2.445881999999999971e+04 4.898999999999999773e+02
-2.445452999999999884e+04 4.856600000000000250e+02
-2.445365000000000146e+04 4.848500000000000227e+02
-2.445679000000000087e+04 4.880199999999999818e+02
-2.446411000000000058e+04 4.953700000000000045e+02
-2.447540000000000146e+04 5.066200000000000045e+02
-2.448990000000000146e+04 5.210900000000000318e+02
-2.450665000000000146e+04 5.377999999999999545e+02
-2.452450999999999840e+04 5.556100000000000136e+02
-2.454229000000000087e+04 5.733400000000000318e+02
-2.455888999999999942e+04 5.898999999999999773e+02
-2.457329000000000087e+04 6.042400000000000091e+02
-2.458422999999999956e+04 6.149900000000000091e+02
-2.458884000000000015e+04 6.191499999999999773e+02
-2.458377000000000044e+04 6.146599999999999682e+02
-2.457513000000000102e+04 6.063999999999999773e+02
-2.456852999999999884e+04 5.998600000000000136e+02
-2.456540000000000146e+04 5.967899999999999636e+02
-2.456656999999999971e+04 5.980000000000000000e+02
-2.457245000000000073e+04 6.037699999999999818e+02
-2.458113999999999942e+04 6.118500000000000227e+02
-2.458595999999999913e+04 6.166900000000000546e+02
-2.458568999999999869e+04 6.167899999999999636e+02
-2.458425000000000000e+04 6.153999999999999773e+02
-2.458304999999999927e+04 6.142200000000000273e+02
-2.458261000000000058e+04 6.137799999999999727e+02
-2.458320999999999913e+04 6.143500000000000227e+02
-2.458502999999999884e+04 6.161499999999999773e+02
-2.458815000000000146e+04 6.192300000000000182e+02
-2.459229999999999927e+04 6.233099999999999454e+02
-2.459697000000000116e+04 6.278799999999999955e+02
-2.460147999999999956e+04 6.323099999999999454e+02
-2.460509000000000015e+04 6.358300000000000409e+02
-2.460690999999999985e+04 6.375700000000000500e+02
-2.460618999999999869e+04 6.367799999999999727e+02
-2.460247000000000116e+04 6.330199999999999818e+02
-2.459566999999999825e+04 6.262200000000000273e+02
-2.458625000000000000e+04 6.168400000000000318e+02
-2.457504999999999927e+04 6.057300000000000182e+02
-2.456338000000000102e+04 5.941299999999999955e+02
-2.455270999999999913e+04 5.835299999999999727e+02
-2.454447999999999956e+04 5.753799999999999955e+02
-2.453997999999999956e+04 5.709199999999999591e+02
-2.454013000000000102e+04 5.711000000000000227e+02
-2.454534999999999854e+04 5.763099999999999454e+02
-2.455543000000000029e+04 5.863300000000000409e+02
-2.456956999999999971e+04 6.004299999999999500e+02
-2.458675999999999840e+04 6.175399999999999636e+02
-2.460572000000000116e+04 6.364400000000000546e+02
-2.462524000000000160e+04 6.559099999999999682e+02
-2.464418999999999869e+04 6.748200000000000500e+02
-2.466152999999999884e+04 6.921299999999999955e+02
-2.467631000000000131e+04 7.068899999999999864e+02
-2.468763999999999942e+04 7.182000000000000455e+02
-2.469477000000000044e+04 7.253200000000000500e+02
-2.469722999999999956e+04 7.277799999999999727e+02
-2.469479000000000087e+04 7.253500000000000227e+02
-2.468734999999999854e+04 7.179199999999999591e+02
-2.467500000000000000e+04 7.056100000000000136e+02
-2.465836000000000058e+04 6.890700000000000500e+02
-2.463879999999999927e+04 6.696399999999999864e+02
-2.461816999999999825e+04 6.491399999999999864e+02
-2.459831999999999971e+04 6.293700000000000045e+02
-2.458054000000000087e+04 6.116799999999999500e+02
-2.456570999999999913e+04 5.968799999999999955e+02
-2.455420000000000073e+04 5.853999999999999773e+02
-2.454613000000000102e+04 5.773500000000000227e+02
-2.454140999999999985e+04 5.726499999999999773e+02
-2.453993000000000029e+04 5.711399999999999864e+02
-2.454133000000000175e+04 5.725199999999999818e+02
-2.454506999999999971e+04 5.762300000000000182e+02
-2.455040000000000146e+04 5.815299999999999727e+02
-2.455645000000000073e+04 5.875499999999999545e+02
-2.456234000000000015e+04 5.934099999999999682e+02
-2.456722999999999956e+04 5.982799999999999727e+02
-2.457038000000000102e+04 6.014099999999999682e+02
-2.457122999999999956e+04 6.022599999999999909e+02
-2.456954999999999927e+04 6.006000000000000227e+02
-2.456545000000000073e+04 5.965199999999999818e+02
-2.455936000000000058e+04 5.904800000000000182e+02
-2.455188999999999942e+04 5.830399999999999636e+02
-2.454354000000000087e+04 5.747300000000000182e+02
-2.453481000000000131e+04 5.660599999999999454e+02
-2.452622000000000116e+04 5.574900000000000091e+02
-2.451816999999999825e+04 5.494600000000000364e+02
-2.451102000000000044e+04 5.423200000000000500e+02
-2.450502000000000044e+04 5.363200000000000500e+02
-2.450029999999999927e+04 5.315800000000000409e+02
-2.449683000000000175e+04 5.281499999999999773e+02
-2.449465000000000146e+04 5.259500000000000455e+02
-2.449361000000000058e+04 5.248799999999999955e+02
-2.449359000000000015e+04 5.248400000000000318e+02
-2.449450000000000000e+04 5.257599999999999909e+02
-2.449640999999999985e+04 5.276399999999999864e+02
-2.449931999999999971e+04 5.305399999999999636e+02
-2.450331000000000131e+04 5.345099999999999909e+02
-2.450838999999999942e+04 5.395700000000000500e+02
-2.451454000000000087e+04 5.456900000000000546e+02
-2.452168000000000029e+04 5.528400000000000318e+02
-2.452984999999999854e+04 5.610000000000000000e+02
-2.453906000000000131e+04 5.702000000000000455e+02
-2.454929999999999927e+04 5.804099999999999682e+02
-2.456043000000000029e+04 5.915499999999999545e+02
-2.457234000000000015e+04 6.034199999999999591e+02
-2.458463000000000102e+04 6.156599999999999682e+02
-2.459677999999999884e+04 6.277300000000000182e+02
-2.460813999999999942e+04 6.390099999999999909e+02
-2.461806999999999971e+04 6.488899999999999864e+02
-2.462609999999999854e+04 6.568899999999999864e+02
-2.463190000000000146e+04 6.626499999999999773e+02
-2.463515999999999985e+04 6.658799999999999955e+02
-2.463556000000000131e+04 6.661399999999999864e+02
-2.463100000000000000e+04 6.609199999999999591e+02
-2.461616999999999825e+04 6.465900000000000318e+02
-2.459679999999999927e+04 6.277699999999999818e+02
-2.458056000000000131e+04 6.116200000000000045e+02
-2.456938000000000102e+04 6.005099999999999909e+02
-2.456474000000000160e+04 5.959900000000000091e+02
-2.456843999999999869e+04 5.997000000000000455e+02
-2.458018000000000029e+04 6.108799999999999955e+02
-2.459293000000000029e+04 6.233500000000000227e+02
-2.460186000000000058e+04 6.325900000000000318e+02
-2.460895000000000073e+04 6.397300000000000182e+02
-2.461459999999999854e+04 6.454099999999999682e+02
-2.461886000000000058e+04 6.497100000000000364e+02
-2.462197999999999956e+04 6.528700000000000045e+02
-2.462413000000000102e+04 6.550599999999999454e+02
-2.462543000000000029e+04 6.563600000000000136e+02
-2.462581000000000131e+04 6.567599999999999909e+02
-2.462522999999999956e+04 6.561900000000000546e+02
-2.462358000000000175e+04 6.545199999999999818e+02
-2.462072999999999956e+04 6.516499999999999773e+02
-2.461654000000000087e+04 6.474900000000000091e+02
-2.461099000000000160e+04 6.419299999999999500e+02
-2.460397999999999956e+04 6.349199999999999591e+02
-2.459554999999999927e+04 6.265000000000000000e+02
-2.458588000000000102e+04 6.168200000000000500e+02
-2.457529000000000087e+04 6.062500000000000000e+02
-2.456427999999999884e+04 5.952599999999999909e+02
-2.455343999999999869e+04 5.844500000000000455e+02
-2.454350000000000000e+04 5.745399999999999636e+02
-2.453527000000000044e+04 5.663700000000000045e+02
-2.452970000000000073e+04 5.608400000000000318e+02
-2.452763000000000102e+04 5.587999999999999545e+02
-2.452963000000000102e+04 5.607999999999999545e+02
-2.453593999999999869e+04 5.671000000000000227e+02
-2.454641999999999825e+04 5.775299999999999727e+02
-2.456054000000000087e+04 5.916000000000000227e+02
-2.457747999999999956e+04 6.084500000000000455e+02
-2.459618999999999869e+04 6.270700000000000500e+02
-2.461550999999999840e+04 6.463200000000000500e+02
-2.463429000000000087e+04 6.650399999999999636e+02
-2.465150999999999840e+04 6.822200000000000273e+02
-2.466641999999999825e+04 6.970900000000000318e+02
-2.467845999999999913e+04 7.091000000000000227e+02
-2.468718999999999869e+04 7.177899999999999636e+02
-2.469209999999999854e+04 7.226599999999999682e+02
-2.469263000000000102e+04 7.231200000000000045e+02
-2.468825000000000000e+04 7.187200000000000273e+02
-2.467940000000000146e+04 7.100199999999999818e+02
-2.466861000000000058e+04 6.994600000000000364e+02
-2.465927999999999884e+04 6.902699999999999818e+02
-2.465354000000000087e+04 6.845900000000000318e+02
-2.465186000000000058e+04 6.828099999999999454e+02
-2.465295999999999913e+04 6.837699999999999818e+02
-2.465472000000000116e+04 6.854900000000000091e+02
-2.465593000000000029e+04 6.867200000000000273e+02
-2.465641999999999825e+04 6.872200000000000273e+02
-2.465609999999999854e+04 6.868700000000000045e+02
-2.465456000000000131e+04 6.853099999999999454e+02
-2.465165000000000146e+04 6.824900000000000091e+02
-2.464863999999999942e+04 6.796299999999999955e+02
-2.464733000000000175e+04 6.783600000000000136e+02
-2.464802999999999884e+04 6.789700000000000273e+02
-2.464934000000000015e+04 6.802100000000000364e+02
-2.464993999999999869e+04 6.808600000000000136e+02
-2.464999000000000160e+04 6.809800000000000182e+02
-2.465006000000000131e+04 6.810800000000000409e+02
-2.465029999999999927e+04 6.812999999999999545e+02
-2.465038000000000102e+04 6.813700000000000045e+02
-2.464988999999999942e+04 6.808700000000000045e+02
-2.464838999999999942e+04 6.793600000000000136e+02
-2.464550999999999840e+04 6.764700000000000273e+02
-2.464093999999999869e+04 6.719099999999999682e+02
-2.463456999999999971e+04 6.655700000000000500e+02
-2.462647000000000116e+04 6.574900000000000091e+02
-2.461684999999999854e+04 6.478999999999999773e+02
-2.460602000000000044e+04 6.371000000000000227e+02
-2.459438000000000102e+04 6.255000000000000000e+02
-2.458236999999999898e+04 6.135299999999999727e+02
-2.457043999999999869e+04 6.016200000000000045e+02
-2.455902000000000044e+04 5.902300000000000182e+02
-2.454852000000000044e+04 5.797599999999999909e+02
-2.453940999999999985e+04 5.706699999999999591e+02
-2.453211000000000058e+04 5.633999999999999773e+02
-2.452700999999999840e+04 5.583200000000000500e+02
-2.452440999999999985e+04 5.557400000000000091e+02
-2.452450000000000000e+04 5.558600000000000136e+02
-2.452736999999999898e+04 5.587100000000000364e+02
-2.453286000000000058e+04 5.641900000000000546e+02
-2.454077999999999884e+04 5.721000000000000227e+02
-2.455093999999999869e+04 5.822500000000000000e+02
-2.456316999999999825e+04 5.944700000000000273e+02
-2.457720000000000073e+04 6.084700000000000273e+02
-2.459240999999999985e+04 6.236399999999999864e+02
-2.460797000000000116e+04 6.391399999999999864e+02
-2.462293000000000029e+04 6.540399999999999636e+02
-2.463650999999999840e+04 6.675900000000000318e+02
-2.464829000000000087e+04 6.793500000000000227e+02
-2.465806999999999971e+04 6.891200000000000045e+02
-2.466590999999999985e+04 6.969800000000000182e+02
-2.467222000000000116e+04 7.033200000000000500e+02
-2.467765000000000146e+04 7.087400000000000091e+02
-2.468240999999999985e+04 7.134800000000000182e+02
-2.468615999999999985e+04 7.171499999999999773e+02
-2.468804999999999927e+04 7.189700000000000273e+02
-2.468743000000000029e+04 7.183200000000000500e+02
-2.468425999999999840e+04 7.151599999999999682e+02
-2.467920999999999913e+04 7.101499999999999773e+02
-2.467338000000000102e+04 7.043799999999999955e+02
-2.466800999999999840e+04 6.990499999999999545e+02
-2.466422999999999956e+04 6.953300000000000409e+02
-2.466309000000000015e+04 6.942300000000000182e+02
-2.466540999999999985e+04 6.965399999999999636e+02
-2.467134000000000015e+04 7.024199999999999591e+02
-2.467999000000000160e+04 7.109400000000000546e+02
-2.468950999999999840e+04 7.204099999999999682e+02
-2.469818999999999869e+04 7.290199999999999818e+02
-2.470470000000000073e+04 7.354800000000000182e+02
-2.470852999999999884e+04 7.393200000000000500e+02
-2.470977000000000044e+04 7.405900000000000318e+02
-2.470872999999999956e+04 7.395700000000000500e+02
-2.470579999999999927e+04 7.366799999999999500e+02
-2.470154000000000087e+04 7.324700000000000273e+02
-2.469661999999999898e+04 7.276100000000000136e+02
-2.469181999999999971e+04 7.228899999999999864e+02
-2.468797000000000116e+04 7.191000000000000227e+02
-2.468579000000000087e+04 7.169600000000000364e+02
-2.468572999999999956e+04 7.168899999999999864e+02
-2.468779000000000087e+04 7.189600000000000364e+02
-2.469168000000000029e+04 7.228200000000000500e+02
-2.469670999999999913e+04 7.277899999999999636e+02
-2.470188999999999942e+04 7.329600000000000364e+02
-2.470629999999999927e+04 7.373200000000000500e+02
-2.470897000000000116e+04 7.399500000000000455e+02
-2.470911999999999898e+04 7.400599999999999454e+02
-2.470613000000000102e+04 7.370599999999999454e+02
-2.469970999999999913e+04 7.306799999999999500e+02
-2.469024000000000160e+04 7.212899999999999636e+02
-2.467856000000000131e+04 7.097100000000000364e+02
-2.466565999999999985e+04 6.968500000000000227e+02
-2.465213000000000102e+04 6.833400000000000318e+02
-2.463831000000000131e+04 6.695700000000000500e+02
-2.462493999999999869e+04 6.562799999999999727e+02
-2.461361999999999898e+04 6.450700000000000500e+02
-2.460606000000000131e+04 6.375299999999999727e+02
-2.460250000000000000e+04 6.338600000000000136e+02
-2.460138999999999942e+04 6.325900000000000318e+02
-2.460104000000000087e+04 6.322899999999999636e+02
-2.460222000000000116e+04 6.336100000000000136e+02
-2.460690000000000146e+04 6.383500000000000227e+02
-2.461586000000000058e+04 6.472500000000000000e+02
-2.462802000000000044e+04 6.592400000000000091e+02
-2.464079000000000087e+04 6.718899999999999864e+02
-2.465213999999999942e+04 6.832699999999999818e+02
-2.466188000000000102e+04 6.930599999999999454e+02
-2.467041999999999825e+04 7.016200000000000045e+02
-2.467795999999999913e+04 7.091599999999999682e+02
-2.468456999999999971e+04 7.157500000000000000e+02
-2.469027999999999884e+04 7.214700000000000273e+02
-2.469525000000000000e+04 7.264099999999999682e+02
-2.469954000000000087e+04 7.306900000000000546e+02
-2.470318000000000029e+04 7.343099999999999454e+02
-2.470597000000000116e+04 7.370700000000000500e+02
-2.470766999999999825e+04 7.387599999999999909e+02
-2.470813999999999942e+04 7.391900000000000546e+02
-2.470713000000000102e+04 7.381399999999999864e+02
-2.470436000000000058e+04 7.353400000000000318e+02
-2.469956999999999971e+04 7.305199999999999818e+02
-2.469249000000000160e+04 7.233899999999999864e+02
-2.468284000000000015e+04 7.136900000000000546e+02
-2.467050000000000000e+04 7.013600000000000136e+02
-2.465581000000000131e+04 6.866699999999999591e+02
-2.463929999999999927e+04 6.701699999999999591e+02
-2.462168999999999869e+04 6.525800000000000409e+02
-2.460390999999999985e+04 6.348600000000000136e+02
-2.458763000000000102e+04 6.187599999999999909e+02
-2.457611999999999898e+04 6.074900000000000091e+02
-2.457295000000000073e+04 6.043899999999999864e+02
-2.457924000000000160e+04 6.105499999999999545e+02
-2.459290000000000146e+04 6.239400000000000546e+02
-2.460979999999999927e+04 6.406499999999999773e+02
-2.462670999999999913e+04 6.575199999999999818e+02
-2.464222999999999956e+04 6.730299999999999727e+02
-2.465568000000000029e+04 6.865000000000000000e+02
-2.466665000000000146e+04 6.974800000000000182e+02
-2.467490000000000146e+04 7.057400000000000091e+02
-2.468040000000000146e+04 7.112699999999999818e+02
-2.468336000000000058e+04 7.142799999999999727e+02
-2.468422000000000116e+04 7.151499999999999773e+02
-2.468338000000000102e+04 7.143400000000000318e+02
-2.468131000000000131e+04 7.122899999999999636e+02
-2.467838999999999942e+04 7.094299999999999500e+02
-2.467518000000000029e+04 7.062599999999999909e+02
-2.467218000000000029e+04 7.032799999999999727e+02
-2.466977999999999884e+04 7.009099999999999682e+02
-2.466831000000000131e+04 6.994400000000000546e+02
-2.466791999999999825e+04 6.990299999999999727e+02
-2.466854999999999927e+04 6.996299999999999955e+02
-2.466999000000000160e+04 7.010499999999999545e+02
-2.467191999999999825e+04 7.029299999999999500e+02
-2.467390000000000146e+04 7.048999999999999773e+02
-2.467565000000000146e+04 7.066399999999999864e+02
-2.467702999999999884e+04 7.080299999999999727e+02
-2.467815000000000146e+04 7.091200000000000045e+02
-2.467918000000000029e+04 7.101799999999999500e+02
-2.468061000000000058e+04 7.116299999999999955e+02
-2.468295999999999913e+04 7.140199999999999818e+02
-2.468670999999999913e+04 7.177999999999999545e+02
-2.469218999999999869e+04 7.232799999999999727e+02
-2.469952999999999884e+04 7.306100000000000136e+02
-2.470850000000000000e+04 7.395499999999999545e+02
-2.471856000000000131e+04 7.495599999999999454e+02
-2.472911000000000058e+04 7.600399999999999636e+02
-2.473950999999999840e+04 7.704099999999999682e+02
-2.474927999999999884e+04 7.801100000000000136e+02
-2.475770000000000073e+04 7.884800000000000182e+02
-2.476404000000000087e+04 7.947999999999999545e+02
-2.476777000000000044e+04 7.984900000000000091e+02
-2.476858000000000175e+04 7.993099999999999454e+02
-2.476647000000000116e+04 7.972000000000000455e+02
-2.476133000000000175e+04 7.920599999999999454e+02
-2.475311000000000058e+04 7.838300000000000409e+02
-2.474186000000000058e+04 7.725900000000000318e+02
-2.472795000000000073e+04 7.587300000000000182e+02
-2.471208000000000175e+04 7.429199999999999591e+02
-2.469518000000000029e+04 7.260800000000000409e+02
-2.467838000000000102e+04 7.093500000000000227e+02
-2.466295999999999913e+04 6.940000000000000000e+02
-2.465013999999999942e+04 6.812500000000000000e+02
-2.464099000000000160e+04 6.721299999999999955e+02
-2.463618999999999869e+04 6.673600000000000136e+02
-2.463606000000000131e+04 6.672100000000000364e+02
-2.464031999999999971e+04 6.714099999999999682e+02
-2.464800999999999840e+04 6.789900000000000091e+02
-2.465749000000000160e+04 6.883500000000000227e+02
-2.466704000000000087e+04 6.978500000000000227e+02
-2.467593999999999869e+04 7.067999999999999545e+02
-2.468474000000000160e+04 7.156299999999999955e+02
-2.469390999999999985e+04 7.247799999999999727e+02
-2.470322000000000116e+04 7.340599999999999454e+02
-2.471188999999999942e+04 7.427100000000000364e+02
-2.471945999999999913e+04 7.503700000000000045e+02
-2.472659000000000015e+04 7.575700000000000500e+02
-2.473399000000000160e+04 7.649800000000000182e+02
-2.474168999999999869e+04 7.726900000000000546e+02
-2.474947000000000116e+04 7.804400000000000546e+02
-2.475708000000000175e+04 7.880299999999999727e+02
-2.476422999999999956e+04 7.951499999999999773e+02
-2.477045000000000073e+04 8.013400000000000318e+02
-2.477513999999999942e+04 8.059700000000000273e+02
-2.477761000000000058e+04 8.083899999999999864e+02
-2.477720000000000073e+04 8.079500000000000455e+02
-2.477356000000000131e+04 8.043099999999999454e+02
-2.476675999999999840e+04 7.975499999999999545e+02
-2.475752000000000044e+04 7.883700000000000045e+02
-2.474697999999999956e+04 7.778700000000000045e+02
-2.473597000000000116e+04 7.668200000000000500e+02
-2.472436999999999898e+04 7.551699999999999591e+02
-2.471174000000000160e+04 7.425399999999999636e+02
-2.469847000000000116e+04 7.293600000000000136e+02
-2.468620000000000073e+04 7.172300000000000182e+02
-2.467718999999999869e+04 7.083300000000000409e+02
-2.467306999999999971e+04 7.042100000000000364e+02
-2.467390000000000146e+04 7.049600000000000364e+02
-2.467834000000000015e+04 7.093200000000000500e+02
-2.468497000000000116e+04 7.158999999999999773e+02
-2.469286000000000058e+04 7.237500000000000000e+02
-2.470131999999999971e+04 7.321900000000000546e+02
-2.470972999999999956e+04 7.405499999999999545e+02
-2.471752000000000044e+04 7.482999999999999545e+02
-2.472427999999999884e+04 7.550199999999999818e+02
-2.472963999999999942e+04 7.603700000000000045e+02
-2.473343999999999869e+04 7.641599999999999682e+02
-2.473559000000000015e+04 7.663099999999999454e+02
-2.473609000000000015e+04 7.668200000000000500e+02
-2.473502000000000044e+04 7.657400000000000091e+02
-2.473240000000000146e+04 7.630900000000000318e+02
-2.472822000000000116e+04 7.589099999999999682e+02
-2.472258000000000175e+04 7.532699999999999818e+02
-2.471566999999999825e+04 7.463600000000000136e+02
-2.470772999999999956e+04 7.384199999999999591e+02
-2.469909000000000015e+04 7.298099999999999454e+02
-2.469018999999999869e+04 7.209500000000000455e+02
-2.468156000000000131e+04 7.123400000000000318e+02
-2.467372000000000116e+04 7.045299999999999727e+02
-2.466724000000000160e+04 6.980700000000000500e+02
-2.466268999999999869e+04 6.935599999999999454e+02
-2.466075000000000000e+04 6.916599999999999682e+02
-2.466199000000000160e+04 6.929199999999999591e+02
-2.466658000000000175e+04 6.974700000000000273e+02
-2.467402000000000044e+04 7.048500000000000227e+02
-2.468333000000000175e+04 7.140900000000000318e+02
-2.469350000000000000e+04 7.242400000000000091e+02
-2.470388000000000102e+04 7.346100000000000136e+02
-2.471409999999999854e+04 7.448400000000000318e+02
-2.472400000000000000e+04 7.547500000000000000e+02
-2.473349000000000160e+04 7.642599999999999909e+02
-2.474250000000000000e+04 7.732599999999999909e+02
-2.475084000000000015e+04 7.816000000000000227e+02
-2.475829000000000087e+04 7.890599999999999454e+02
-2.476461000000000058e+04 7.953700000000000045e+02
-2.476947000000000116e+04 8.002300000000000182e+02
-2.477259000000000015e+04 8.033300000000000409e+02
-2.477368000000000029e+04 8.043899999999999864e+02
-2.477240000000000146e+04 8.030900000000000318e+02
-2.476840999999999985e+04 7.990599999999999454e+02
-2.476131999999999971e+04 7.919600000000000364e+02
-2.475086999999999898e+04 7.814900000000000091e+02
-2.473725999999999840e+04 7.679700000000000273e+02
-2.472199000000000160e+04 7.528300000000000409e+02
-2.470729000000000087e+04 7.382699999999999818e+02
-2.469511000000000058e+04 7.261299999999999955e+02
-2.468599000000000160e+04 7.169400000000000546e+02
-2.467925000000000000e+04 7.101599999999999682e+02
-2.467438000000000102e+04 7.053500000000000227e+02
-2.467188000000000102e+04 7.029199999999999591e+02
-2.467243999999999869e+04 7.034900000000000091e+02
-2.467581000000000131e+04 7.067699999999999818e+02
-2.468061999999999898e+04 7.115099999999999909e+02
-2.468577999999999884e+04 7.167400000000000091e+02
-2.469181999999999971e+04 7.228799999999999955e+02
-2.469968999999999869e+04 7.307599999999999909e+02
-2.470922999999999956e+04 7.402100000000000364e+02
-2.471875999999999840e+04 7.496100000000000136e+02
-2.472613000000000102e+04 7.569700000000000273e+02
-2.473070000000000073e+04 7.616200000000000045e+02
-2.473308000000000175e+04 7.640700000000000500e+02
-2.473384999999999854e+04 7.648799999999999955e+02
-2.473334000000000015e+04 7.643700000000000045e+02
-2.473154000000000087e+04 7.625099999999999909e+02
-2.472759000000000015e+04 7.583400000000000318e+02
-2.471929000000000087e+04 7.499900000000000091e+02
-2.470697999999999956e+04 7.379500000000000455e+02
-2.469440999999999985e+04 7.254700000000000273e+02
-2.468377000000000044e+04 7.149600000000000364e+02
-2.467720999999999913e+04 7.084700000000000273e+02
-2.467566999999999825e+04 7.066900000000000546e+02
-2.467633000000000175e+04 7.071799999999999500e+02
-2.467675000000000000e+04 7.077000000000000455e+02
-2.467741999999999825e+04 7.084500000000000455e+02
-2.467943000000000029e+04 7.105499999999999545e+02
-2.468406000000000131e+04 7.152500000000000000e+02
-2.469222999999999956e+04 7.234099999999999682e+02
-2.470384999999999854e+04 7.349400000000000546e+02
-2.471759999999999854e+04 7.485299999999999727e+02
-2.473136999999999898e+04 7.621799999999999500e+02
-2.474320999999999913e+04 7.739500000000000455e+02
-2.475225999999999840e+04 7.830700000000000500e+02
-2.475934000000000015e+04 7.902599999999999909e+02
-2.476570000000000073e+04 7.966100000000000136e+02
-2.477129999999999927e+04 8.021000000000000227e+02
-2.477466999999999825e+04 8.053200000000000500e+02
-2.477391999999999825e+04 8.045700000000000500e+02
-2.476897000000000116e+04 7.997300000000000182e+02
-2.476108000000000175e+04 7.919099999999999682e+02
-2.475131999999999971e+04 7.821900000000000546e+02
-2.474040999999999985e+04 7.713099999999999454e+02
-2.472899000000000160e+04 7.599199999999999591e+02
-2.471784000000000015e+04 7.488200000000000500e+02
-2.470779000000000087e+04 7.387899999999999636e+02
-2.469929000000000087e+04 7.302599999999999909e+02
-2.469222000000000116e+04 7.231699999999999591e+02
-2.468620999999999913e+04 7.171599999999999682e+02
-2.468099000000000160e+04 7.119299999999999500e+02
-2.467650000000000000e+04 7.074800000000000182e+02
-2.467304000000000087e+04 7.040599999999999454e+02
-2.467088999999999942e+04 7.019299999999999500e+02
-2.467025999999999840e+04 7.013099999999999454e+02
-2.467118999999999869e+04 7.022500000000000000e+02
-2.467363999999999942e+04 7.047200000000000273e+02
-2.467745000000000073e+04 7.085299999999999727e+02
-2.468236999999999898e+04 7.134400000000000546e+02
-2.468809999999999854e+04 7.191699999999999591e+02
-2.469433000000000175e+04 7.253799999999999955e+02
-2.470068999999999869e+04 7.317200000000000273e+02
-2.470683000000000175e+04 7.378400000000000318e+02
-2.471238999999999942e+04 7.433899999999999864e+02
-2.471697000000000116e+04 7.479500000000000455e+02
-2.472020999999999913e+04 7.511499999999999773e+02
-2.472177999999999884e+04 7.527100000000000364e+02
-2.472150999999999840e+04 7.524299999999999500e+02
-2.471927000000000044e+04 7.501799999999999500e+02
-2.471506000000000131e+04 7.459600000000000364e+02
-2.470884000000000015e+04 7.397300000000000182e+02
-2.470059000000000015e+04 7.314700000000000273e+02
-2.469036000000000058e+04 7.212400000000000091e+02
-2.467834999999999854e+04 7.092500000000000000e+02
-2.466511999999999898e+04 6.960599999999999454e+02
-2.465159000000000015e+04 6.826000000000000227e+02
-2.463897999999999956e+04 6.700800000000000409e+02
-2.462868000000000029e+04 6.598400000000000318e+02
-2.462188999999999942e+04 6.531100000000000136e+02
-2.461954000000000087e+04 6.507799999999999727e+02
-2.462206000000000131e+04 6.532999999999999545e+02
-2.462941999999999825e+04 6.606399999999999864e+02
-2.464118000000000029e+04 6.723600000000000136e+02
-2.465652000000000044e+04 6.876399999999999864e+02
-2.467431000000000131e+04 7.053600000000000136e+02
-2.469325000000000000e+04 7.242300000000000182e+02
-2.471204000000000087e+04 7.429500000000000455e+02
-2.472945999999999913e+04 7.603099999999999454e+02
-2.474449000000000160e+04 7.752999999999999545e+02
-2.475640000000000146e+04 7.871799999999999500e+02
-2.476470000000000073e+04 7.954600000000000364e+02
-2.476906999999999971e+04 7.998200000000000500e+02
-2.476931000000000131e+04 8.000599999999999454e+02
-2.476540000000000146e+04 7.961399999999999864e+02
-2.475750999999999840e+04 7.882400000000000091e+02
-2.474584999999999854e+04 7.765399999999999636e+02
-2.473054000000000087e+04 7.612899999999999636e+02
-2.471329999999999927e+04 7.443200000000000500e+02
-2.469811000000000058e+04 7.293500000000000227e+02
-2.468822999999999956e+04 7.195299999999999727e+02
-2.468468000000000029e+04 7.158899999999999864e+02
-2.468593999999999869e+04 7.168099999999999454e+02
-2.468720999999999913e+04 7.177200000000000273e+02
-2.468370999999999913e+04 7.143500000000000227e+02
-2.467643000000000029e+04 7.073799999999999955e+02
-2.466904999999999927e+04 7.001299999999999955e+02
-2.466341999999999825e+04 6.945299999999999727e+02
-2.465965999999999985e+04 6.906599999999999682e+02
-2.465575999999999840e+04 6.865700000000000500e+02
-2.464911000000000058e+04 6.800399999999999636e+02
-2.464043999999999869e+04 6.715599999999999454e+02
-2.463188000000000102e+04 6.630900000000000318e+02
-2.462458000000000175e+04 6.558300000000000409e+02
-2.461906999999999971e+04 6.503500000000000227e+02
-2.461568000000000029e+04 6.469700000000000273e+02
-2.461456000000000131e+04 6.458700000000000045e+02
-2.461579000000000087e+04 6.471200000000000045e+02
-2.461933000000000175e+04 6.506299999999999955e+02
-2.462486000000000058e+04 6.561200000000000045e+02
-2.463191999999999825e+04 6.631699999999999591e+02
-2.464006999999999971e+04 6.712799999999999727e+02
-2.464868000000000029e+04 6.798500000000000227e+02
-2.465697999999999956e+04 6.880800000000000409e+02
-2.466400999999999840e+04 6.950199999999999818e+02
-2.466870999999999913e+04 6.996699999999999591e+02
-2.467065000000000146e+04 7.016399999999999864e+02
-2.467058000000000175e+04 7.016499999999999773e+02
-2.466977000000000044e+04 7.008700000000000045e+02
-2.466895000000000073e+04 7.000299999999999727e+02
-2.466795000000000073e+04 6.989800000000000182e+02
-2.466631000000000131e+04 6.973500000000000227e+02
-2.466416999999999825e+04 6.952599999999999909e+02
-2.466216999999999825e+04 6.932999999999999545e+02
-2.466090999999999985e+04 6.920499999999999545e+02
-2.466074000000000160e+04 6.918700000000000045e+02
-2.466172000000000116e+04 6.928099999999999454e+02
-2.466356999999999971e+04 6.945900000000000318e+02
-2.466568999999999869e+04 6.966399999999999864e+02
-2.466758000000000175e+04 6.985099999999999909e+02
-2.466952000000000044e+04 7.005000000000000000e+02
-2.467249000000000160e+04 7.034900000000000091e+02
-2.467697000000000116e+04 7.079199999999999591e+02
-2.468231000000000131e+04 7.131599999999999682e+02
-2.468704999999999927e+04 7.178200000000000500e+02
-2.469011000000000058e+04 7.208899999999999864e+02
-2.469159000000000015e+04 7.224600000000000364e+02
-2.469254000000000087e+04 7.234900000000000091e+02
-2.469409999999999854e+04 7.250900000000000318e+02
-2.469693999999999869e+04 7.279600000000000364e+02
-2.470125999999999840e+04 7.322699999999999818e+02
-2.470684999999999854e+04 7.378400000000000318e+02
-2.471333000000000175e+04 7.443099999999999454e+02
-2.472022000000000116e+04 7.511799999999999500e+02
-2.472695999999999913e+04 7.578899999999999864e+02
-2.473286999999999898e+04 7.637699999999999818e+02
-2.473727999999999884e+04 7.681299999999999955e+02
-2.473945000000000073e+04 7.702300000000000182e+02
-2.473852000000000044e+04 7.692400000000000091e+02
-2.473374000000000160e+04 7.644299999999999500e+02
-2.472493999999999869e+04 7.556799999999999500e+02
-2.471300000000000000e+04 7.438500000000000227e+02
-2.469959999999999854e+04 7.305599999999999454e+02
-2.468634999999999854e+04 7.173600000000000136e+02
-2.467413000000000102e+04 7.051599999999999682e+02
-2.466320000000000073e+04 6.942500000000000000e+02
-2.465368999999999869e+04 6.847899999999999636e+02
-2.464604999999999927e+04 6.772100000000000364e+02
-2.464093000000000029e+04 6.721399999999999864e+02
-2.463884999999999854e+04 6.700800000000000409e+02
-2.464009999999999854e+04 6.713400000000000318e+02
-2.464472000000000116e+04 6.759700000000000273e+02
-2.465254999999999927e+04 6.837899999999999636e+02
-2.466316999999999825e+04 6.943999999999999773e+02
-2.467604000000000087e+04 7.072300000000000182e+02
-2.469036999999999898e+04 7.214900000000000091e+02
-2.470516999999999825e+04 7.362400000000000091e+02
-2.471938000000000102e+04 7.503999999999999773e+02
-2.473195999999999913e+04 7.629299999999999500e+02
-2.474200000000000000e+04 7.729299999999999500e+02
-2.474881000000000131e+04 7.797400000000000091e+02
-2.475209000000000015e+04 7.830399999999999636e+02
-2.475195000000000073e+04 7.829600000000000364e+02
-2.474893000000000029e+04 7.799700000000000273e+02
-2.474334000000000015e+04 7.743300000000000409e+02
-2.473465000000000146e+04 7.655399999999999636e+02
-2.472236000000000058e+04 7.534199999999999591e+02
-2.470909999999999854e+04 7.404700000000000273e+02
-2.469904000000000087e+04 7.305499999999999545e+02
-2.469445999999999913e+04 7.260099999999999909e+02
-2.469577000000000044e+04 7.272200000000000273e+02
-2.470124000000000160e+04 7.324099999999999682e+02
-2.470713999999999942e+04 7.382300000000000182e+02
-2.471163000000000102e+04 7.428300000000000409e+02
-2.471540999999999985e+04 7.466499999999999773e+02
-2.471890000000000146e+04 7.501100000000000136e+02
-2.472170000000000073e+04 7.528700000000000045e+02
-2.472316999999999825e+04 7.543099999999999454e+02
-2.472291999999999825e+04 7.540800000000000409e+02
-2.472125000000000000e+04 7.524400000000000546e+02
-2.471859999999999854e+04 7.497699999999999818e+02
-2.471465999999999985e+04 7.457400000000000091e+02
-2.470856999999999971e+04 7.396799999999999500e+02
-2.470081999999999971e+04 7.320499999999999545e+02
-2.469331999999999971e+04 7.246399999999999864e+02
-2.468754000000000087e+04 7.188600000000000136e+02
-2.468354000000000087e+04 7.147799999999999727e+02
-2.468029000000000087e+04 7.114900000000000091e+02
-2.467718000000000029e+04 7.084299999999999500e+02
-2.467472999999999956e+04 7.060099999999999909e+02
-2.467331999999999971e+04 7.045700000000000500e+02
-2.467256000000000131e+04 7.037500000000000000e+02
-2.467166999999999825e+04 7.028400000000000318e+02
-2.467020000000000073e+04 7.014299999999999500e+02
-2.466829000000000087e+04 6.995499999999999545e+02
-2.466611999999999898e+04 6.973799999999999955e+02
-2.466393000000000029e+04 6.951699999999999591e+02
-2.466181999999999971e+04 6.930399999999999636e+02
-2.465972000000000116e+04 6.908999999999999773e+02
-2.465741999999999825e+04 6.885700000000000500e+02
-2.465490000000000146e+04 6.860700000000000500e+02
-2.465272999999999956e+04 6.839700000000000273e+02
-2.465218000000000029e+04 6.834900000000000091e+02
-2.465465000000000146e+04 6.860299999999999727e+02
-2.466100000000000000e+04 6.923600000000000136e+02
-2.467099000000000160e+04 7.022699999999999818e+02
-2.468359000000000015e+04 7.147799999999999727e+02
-2.469756999999999971e+04 7.287100000000000364e+02
-2.471199000000000160e+04 7.430800000000000409e+02
-2.472606000000000131e+04 7.571000000000000227e+02
-2.473899000000000160e+04 7.699500000000000455e+02
-2.474979000000000087e+04 7.806699999999999591e+02
-2.475747999999999956e+04 7.883200000000000500e+02
-2.476179999999999927e+04 7.927100000000000364e+02
-2.476366999999999825e+04 7.946599999999999682e+02
-2.476438000000000102e+04 7.953899999999999864e+02
-2.476433000000000175e+04 7.952799999999999727e+02
-2.476249000000000160e+04 7.933500000000000227e+02
-2.475727000000000044e+04 7.880700000000000500e+02
-2.474777999999999884e+04 7.786200000000000045e+02
-2.473441999999999825e+04 7.653500000000000227e+02
-2.471836000000000058e+04 7.493999999999999773e+02
-2.470095999999999913e+04 7.321000000000000227e+02
-2.468356000000000131e+04 7.147699999999999818e+02
-2.466729999999999927e+04 6.985700000000000500e+02
-2.465309000000000015e+04 6.844099999999999682e+02
-2.464161999999999898e+04 6.729700000000000273e+02
-2.463324000000000160e+04 6.646000000000000227e+02
-2.462795000000000073e+04 6.592899999999999636e+02
-2.462538999999999942e+04 6.567100000000000364e+02
-2.462506000000000131e+04 6.563600000000000136e+02
-2.462650000000000000e+04 6.578099999999999454e+02
-2.462945999999999913e+04 6.607899999999999636e+02
-2.463384999999999854e+04 6.651900000000000546e+02
-2.463954000000000087e+04 6.708600000000000136e+02
-2.464613000000000102e+04 6.774400000000000546e+02
-2.465311999999999898e+04 6.844199999999999591e+02
-2.466004000000000087e+04 6.913400000000000318e+02
-2.466675999999999840e+04 6.980700000000000500e+02
-2.467343000000000029e+04 7.047599999999999909e+02
-2.468025000000000000e+04 7.115900000000000318e+02
-2.468713999999999942e+04 7.184600000000000364e+02
-2.469375000000000000e+04 7.250499999999999545e+02
-2.469959000000000015e+04 7.308799999999999955e+02
-2.470431000000000131e+04 7.356000000000000227e+02
-2.470772999999999956e+04 7.390000000000000000e+02
-2.470972999999999956e+04 7.409900000000000091e+02
-2.471029999999999927e+04 7.415499999999999545e+02
-2.470943000000000029e+04 7.406699999999999591e+02
-2.470713000000000102e+04 7.383700000000000045e+02
-2.470349000000000160e+04 7.347000000000000455e+02
-2.469854999999999927e+04 7.297699999999999818e+02
-2.469249000000000160e+04 7.237000000000000455e+02
-2.468545999999999913e+04 7.166699999999999591e+02
-2.467775999999999840e+04 7.089900000000000091e+02
-2.467006000000000131e+04 7.013400000000000318e+02
-2.466331999999999971e+04 6.945700000000000500e+02
